,Year,Lag1,Lag2,Lag3,Lag4,Lag5,Volume,Today
Year,1.000,0.030,0.031,0.033,0.036,0.030,0.539,0.030
Lag1,0.030,1.000,-0.026,-0.011,-0.003,-0.006,0.041,-0.026
Lag2,0.031,-0.026,1.000,-0.026,-0.011,-0.004,-0.043,-0.010
Lag3,0.033,-0.011,-0.026,1.000,-0.024,-0.019,-0.042,-0.002
Lag4,0.036,-0.003,-0.011,-0.024,1.000,-0.027,-0.048,-0.007
Lag5,0.030,-0.006,-0.004,-0.019,-0.027,1.000,-0.022,-0.035
Volume,0.539,0.041,-0.043,-0.042,-0.048,-0.022,1.000,0.015
Today,0.030,-0.026,-0.010,-0.002,-0.007,-0.035,0.015,1.000
